== 1. ==== S/N 031116-0840-001395
7BFF   20  00  0600    01000000   5D00  0100  0C00  F2FF
65403,032,000,006,000,0000000001,00093,00001,00012,65522,00000,00000,00000,
7AFF   20  80  1E00  01000000   45  80  0100  0000  14000000   11A40000   73050000   1000  0B03  0105  4803  0800  0000  FA4A
65402,032,128,030,000,0000000001,069,128,00001,00000,0000000020,0000042001,0000001395,00016,00779,01281,00840,00008,00000,19194,
== 2. =====================NUM++======
== 3. ==========================
== 4. ==========================
7BFF   20  00  06  00  02000000   5C00  0100  0C00 F2FF
65403,032,000,006,000,0000000002,00092,00001,00012,65522,00000,00000,00000,
7AFF   20  80  1E  00 03000000    43  80  0100  0000  14000000   11A40000   74050000   1000  0B03  0105  4803  0800  0000  F94A
7AFF   20  80  1E  00 0C000000    3A  80  0100  0000  14000000   11A40000   74050000   1000  0B03  0105  4803  0800  0000  F94A
7AFF   20  80  1E  00   0C0000 00 3A  80  0100  0000  14000000   11A40000   74050000   1000  0B03  0105  4803  0800  0000  F94A
7AFF   20  80  1E  00  02000000   44  80  0100  0000  14000000   11A40000   73050000   1000  0B03  0105  4803  0800  0000  FA4A
65402,032,128,030,000,0000000002,068,128,00001,00000,0000000020,0000042001,0000001395,00016,00779,01281,00840,00008,00000,19194,
== 5. =======HDR===ACK===INDEX1++============================================S/N3========================S/N4===========================
7BFF   20  00  06  00  03000000   5B00  0108 0C00 F2F7
65403,032,000,006,000,0000000003,00091,02049,00012,63474,00000,00000,00000,
7A FF 20 80 0C 00 0C 00 00 00 4C 80 01 08 00 00 02 00 00 00      0332 F9C5 //0.5 on on
7AFF   20  80  0C  00 0C 00 00 00 4C 80 01  08  0000  02000000   0364 F993 //1.0 on on
7AFF   20  80  0C  00  0D000000   4B  80  0108  0000  02000000   0064 FC93 //1.0 off off
7AFF   20  80  0C  00  0E000000   4A  80  0108  0000  02000000   0364 F993 //1.0 on on
7AFF   20  80  0C  00  03000000   55  80  0108  0000  02000000   035A F99D //
65402,032,128,012,000,0000000003,085,128,02049,00000,0000000002,2650364419,0000000000,00000,00000,00000,00000,
== 6. =====================NUM++=====
7BFF   20  00  06  00  04000000   5A00  0100  0C00 F2FF
65403,032,000,006,000,0000000004,00090,00001,00012,65522,00000,00000,00000,
7AFF   20  80  1E  00  04000000   42  80  0100  0000             11A40000   73050000   1000 0B03  0105  4803  0800  0000  FA4A
65402,032,128,030,000,0000000004,066,128,00001,00000,0000042001,0000001395,0051052560,01281,00840,00008,00000,19194,00000,00000,
== 7. =HDR===ACK===INDEX1++===============================================S/N3=====================S/N4===========================
7BFF   20  00  06  00  05000000   5900  0008   0C00 F3F7
65403,032,000,006,000,0000000005,00089,02048,00012,63475,00000,00000,00000,
7AFF 20 80 16 00 45 00 00 00 09 80 00 08 00 00 0C 00 00 00 10 00 00 00 67 07 00 00 1D 00 00 00 5F F0
7A FF 20 80 16 00 39 00 00 00 15      80 00 08  00 00 0C000000    0B000000  67070000  13000000 6E F0
7AFF   20  80  16  00   05000000  49  80  0008  0000  0C00-0000  1100-0000   64070000 17000000 67 F0
7AFF   20  80  16  00   05000000  49  80  0008  0000  0C00-0000   0D000000   6C000000  1300   0000  67F7
65402,032,128,022,000,0000000005,073,128,02048,00000,0000000012,0000000013,0000000108,00019,00000,63335,00000,00000,00000,00000,
== 8. ======================NUM++==========================VAL========DOSE=======CPM===
7BFF   20  00  06  00  06000000   5800  0100  0C00 F2FF
65403,032,000,006,000,0000000006,00088,00001,00012,65522,00000,00000,00000,
7AFF   20  801 E00    0600 0000  4080    0100  0000  14000000   11A40000   73050000   1000  0B03  0105  4803  0800  0000  FA4A
65402,032,128,030,000,0000000006,064,128,00001,00000,0000000020,0000042001,0000001395,00016,00779,01281,00840,00008,00000,19194,
== 9. ====HDR===ACK====INDEX1=================================================S/N3======================S/N4===========================
7BFF   20  00  06  00  07000000   5700  0008  0C00 F3F7
65403,032,000,006,000,0000000007,00087,02048,00012,63475,00000,00000,00000,
7AFF 20801600 07000000 4780 0008 0000 0C000000 0D000000 6C000000 14000000 66F7
65402,032,128,022,000,0000000007,071,128,02048,00000,0000000012,0000000013,0000000108,00020,00000,63334,00000,00000,
== 10. =======================================VAL======DOSE=====CPM===
7BFF   20  00  06  00  08000000   5600  0100  0C00 F2FF
65403,032,000,006,000,0000000008,00086,00001,00012,65522,00000,00000,00000,
7AFF 20801E00 08000000 3E80 0100 0000 14000000-11A40000-73050000-1000-0B03-0105-4803-0800-0000 FA4A
65402,032,128,030,000,0000000008,062,128,00001,00000,0000000020,0000042001,0000001395,00016,00779,01281,00840,00008,00000,19194,
== 11. ==========================
7BFF   20  00  06  00  09000000   5500  0008  0C00-F3F7
65403,032,000,006,000,0000000009,00085,02048,00012,63475,00000,00000,00000,
7AFF   20  80  16  00   09000000  45  80  0008  0000  0C00-0000   0D000000   6C000000   1300  0000  67F7
65402,032,128,022,000,0000000009,069,128,02048,00000,0000000012,0000000013,0000000108,00019,00000,63335,00000,00000,00000,00000,
== 12. =======CHK==========================================VAL======DOSE========CPM===
7BFF   20  00  06  00  0A000000   5400  0100  0C00 F2FF
65403,032,000,006,000,0000000010,00084,00001,00012,65522,00000,00000,00000,
7AFF   20  80  1E  00   0A000000   3C80  0100  0000  14000000  11A40000 73050000 1000 0B03 0105 4803 0800 0000 FA4A
65402,032,128,030,000,0000000010,060,128,00001,00000,0000000020,0000042001,0000001395,00016,00779,01281,00840,00008,00000,19194,
== 13. ==========================
7BFF   20  00  06  00  0B000000   5300  0008  0C00 F3F7
65403,032,000,006,000,0000000011,00083,02048,00012,63475,00000,00000,00000,
7AFF   20  80  16  00  0B000000   43  80  0008 0000 0C000000 0F000000 6C000000 1300 0000 65F7
65402,032,128,022,000,0000000011,067,128,02048,00000,0000000012,0000000015,0000000108,00019,00000,63333,00000,00000,00000,00000,
== 14. =======================================VAL======DOSE=====CPM===
7BFF 20000600 0C000000 5200 0100 0C00 F2FF
65403,032,000,006,000,0000000012,00082,00001,00012,65522,
7AFF 20801E00 0C000000 3A80 0100 0000 1400000011A400007305000010000B030105480308000000 FA4A
65402,032,128,030,000,0000000012,058,128,00001,00000,0000000020,0000042001,0000001395,00016,00779,01281,00840,00008,00000,19194,
== 15. ==========================
7BFF 20000600 0D000000 5100 0008 0C00 F3F7
65403,032,000,006,000,0000000013,00081,02048,00012,63475,00000,
7AFF 20801600 0D000000 4180 0008 0000 0C000000 0F000000 6C000000 13000000 65F7
65402,032,128,022,000,0000000013,065,128,02048,00000,0000000012,0000000015,0000000108,00019,00000,63333,00000,00000,
== 16. ==========================
7BFF 20000600 0E000000 5000 0100 0C00 F2FF
65403,032,000,006,000,0000000014,00080,00001,00012,65522,
7AFF 20801E00 0E000000 3880 0100 0000 1400000011A400007305000010000B030105480308000000 FA4A
65402,032,128,030,000,0000000014,056,128,00001,00000,0000000020,0000042001,0000001395,00016,00779,01281,00840,00008,00000,19194,
== 17. ==========================
7BFF 20000600 0F000000 4F00 0008 0C00 F3F7
65403,032,000,006,000,0000000015,00079,02048,00012,63475,00000,
7AFF 20801600 0F000000 3F80 0008 00000C0000000F0000006C0000001300 0000 65F7
65402,032,128,022,000,0000000015,063,128,02048,00000,0000000012,0000000015,0000000108,00019,00000,63333,00000,
== 18. ==========================
7BFF 20000600 10000000 4E00 0100 0C00 F2FF
65403,032,000,006,000,0000000016,00078,00001,00012,65522,00000,
7AFF 20801E00 10000000 3680 0100 0000 1400000011A400007305000010000B030105480308000000 FA4A
65402,032,128,030,000,0000000016,054,128,00001,00000,0000000020,0000042001,0000001395,00016,00779,01281,00840,00008,00000,19194,
== 19. ==========================
7BFF   20000600   11000000   4D00  0008  0C00 F3F7
65403,032,000,006,000,0000000017,00077,02048,00012,63475,00000,00000,00000,
7AFF 20801600 11000000 3D80000800000C0000000F0000006C000000 1500 0000 63F7
65402,032,128,022,000,0000000017,061,128,02048,00000,0000000012,0000000015,0000000108,00021,00000,63331,00000,
== 20. ==========================
7BFF 20000600 12000000 4C00 0100 0C00 F2FF
65403,032,000,006,000,0000000018,00076,00001,00012,65522,00000,
7AFF 20801E00 12000000 3480 0100 0000 1400000011A400007305000010000B030105480308000000 FA4A
65402,032,128,030,000,0000000018,052,128,00001,00000,0000000020,0000042001,0000001395,00016,00779,01281,00840,00008,00000,19194,
== 21. ==========================
7BFF 20000600 13000000 4B00 0008 0C00F3F7
65403,032,000,006,000,0000000019,00075,02048,00012,63475,
7AFF 20801600 13000000 3B80 0008 0000 0C0000000F0000006C0000001400000064F7
65402,032,128,022,000,0000000019,059,128,02048,00000,0000000012,0000000015,0000000108,00020,00000,63332,00000,
== 22. ==========================
7BFF   20  00  06  00  14000000   4A00  0100  0C00  F2FF
65403,032,000,006,000,0000000020,00074,00001,00012,65522,
7AFF 20801E00 14000000 3280 0100 0000 14000000 11A400007305000010000B030105480308000000 FA4A
65402,032,128,030,000,0000000020,050,128,00001,00000,0000000020,0000042001,0000001395,00016,00779,01281,00840,00008,00000,19194,
== 23. ==========================
7BFF   20  00  06  00  15000000   4900  0108  0C00  F2F7
65403,032,000,006,000,0000000021,00073,02049,00012,63474,00000,
7AFF   2080  0C00  15000000   43  80  0108  0000  02000000   035A F99D
65402,032,128,012,000,0000000021,067,128,02049,00000,0000000002,2650364419,0000000000,00000,00000,00000,
== 24. ==========================
7BFF 20000600 16000000 4800 0100 0C00 F2FF
65403,032,000,006,000,0000000022,00072,00001,00012,65522,00000,
7AFF 20801E00 16000000 3080 01000 0001400000011A400007305000010000B030105480308000000 FA4A
65402,032,128,030,000,0000000022,048,128,00001,00000,0000000020,0000042001,0000001395,00016,00779,01281,00840,00008,00000,19194,
== 25. ==========================
7BFF   20  00  06  00  17000000   4700  0008  0C00  F3F7
65403,032,000,006,000,0000000023,00071,02048,00012,63475,
7AFF 20801600 17000000 3780 0008 00000C0000000F0000006C0000001400000064F7
65402,032,128,022,000,0000000023,055,128,02048,00000,0000000012,0000000015,0000000108,00020,00000,63332,
== 26. ==========================
7BFF 20000600 18000000 4600 0100 0C00 F2FF
65403,032,000,006,000,0000000024,00070,00001,00012,65522,00000,
7AFF 20801E00 18000000 2E80 0100 00001400000011A400007305000010000B030105480308000000 FA4A
65402,032,128,030,000,0000000024,046,128,00001,00000,0000000020,0000042001,0000001395,00016,00779,01281,00840,00008,00000,19194,
== 27. ==========================
7BFF   20  00  06  00  19000000   4500  0008  0C00 F3F7
65403,032,000,006,000,0000000025,00069,02048,00012,63475,00000,00000,00000,
7AFF 20801600 19000000 3580 0008 00000C0000000F0000006C0000001400000064F7
65402,032,128,022,000,0000000025,053,128,02048,00000,0000000012,0000000015,0000000108,00020,00000,63332,
== 28. ==========================
7BFF   20  00  06  00  1A000000   4400  0100  0C00-F2FF
65403,032,000,006,000,0000000026,00068,00001,00012,65522,00000,00000,00000,
7AFF 20801E00 1A000000 2C80 0100 00001400000011A400007305000010000B030105480308000000 FA4A
65402,032,128,030,000,0000000026,044,128,00001,00000,0000000020,0000042001,0000001395,00016,00779,01281,00840,00008,00000,19194,
== 29. ==========================
7BFF   20  00  0C  00  1B000000   3D00  0208  0E00- 0200  0000  025A EB9D
7BFF   20  00  0C  00  05000000   5900  0208  0E00  0200  0000  025A EB9D
7BFF   20  00  06  00  03000000   5B00  0208  0E00  0200  0000  025A EB9D
65403,032,000,012,000,0000000027,00061,02050,00014,00002,00000,23042,40427,
7AFF   20  80  06  00 1B000000 4380 0208 0000FDF7
65402,032,128,006,000,0000000027,067,128,02050,00000,0000063485,
== 30. ==========================
7BFF   20  00  0C  00  1C000000   3C00  0208  0E00-0200  0000  025A  EB9D
65403,032,000,012,000,0000000028,00060,02050,00014,00002,00000,23042,40427,
7AFF   02  FF  00  00  03000000   7F  01
7AFF   20  80  06  00  1C000000   42  80  0208 0000 FDF7
65402,032,128,006,000,0000000028,066,128,02050,00000,0000063485,0000000000,0000000000,
== 31. ==========================
7BFF 20000C00 1D000000 3B00 0208 0E00 02000000 025A EB9D
65403,032,000,012,000,0000000029,00059,02050,00014,00002,00000,23042,40427,
7AFF 20800600 1D000000 4180 0208 0000FDF7
65402,032,128,006,000,0000000029,065,128,02050,00000,0000063485,
== 32. ==========================
7BFF   20  00  06  00  1E000000   4000  0108  0C00  F2F7
65403,032,000,006,000,0000000030,00064,02049,00012,63474,
7AFF 20800C00 1E000000 3A80 0108 0000 02000000 025A FA9D
65402,032,128,012,000,0000000030,058,128,02049,00000,0000000002,2650429954,0000000000,
== 33. ====================NUM++=========================
== 34. ====================NUM++==================REQ====
7BFF   20  00  06  00  1F000000   3F00  0008  0C00  F3F7
65403,032,000,006,000,0000000031,00063,02048,00012,63475,00000,00000,00000,
7AFF 20801600 1F000000 2F80 0008 0000 0C000000 0E000000 6C000000 14000000 65F7
65402,032,128,022,000,0000000031,047,128,02048,00000,0000000012,0000000014,0000000108,00020,00000,63333,00000,00000,
== 35. ====================NUM++======
7BFF   20  00  06  00  20000000   3E00  0100  0C00  F2FF
65403,032,000,006,000,0000000032,00062,00001,00012,65522,00000,00000,
7AFF 20801E00 20000000 2680 0100 0000 1400000011A400007305000010000B030105480308000000 FA4A
65402,032,128,030,000,0000000032,038,128,00001,00000,0000000020,0000042001,0000001395,00016,00779,01281,00840,00008,00000,19194,
== 36. ====================NUM++======
7BFF   20  00  06  00  21000000   3D00  0008  0C00  F3F7
65403,032,000,006,000,0000000033,00061,02048,00012,63475,00000,00000,00000,
7AFF   20  80  16  00  21000000   2D  80  0008  0000  0C00-0000  0E00-0000  6C00-0000  1400  0000 65F7
65402,032,128,022,000,0000000033,045,128,02048,00000,0000000012,0000000014,0000000108,00020,00000,63333,00000,00000,00000,00000,
== 37. ==========================
7BFF   20  00  06  00  22000000   3C00  0100  0C00  F2FF
65403,032,000,006,000,0000000034,00060,00001,00012,65522,00000,00000,00000,
7AFF   20 80   1E 00  14 00 00 00 32  80 01 00 00 00 14 00 00 00 11 A4 00 00 73 05 0000 1000 0B03 0105 4803 0800 0000 FA4A 00 00 00 00
7AFF   20 80   1E 00  0F 00 00 00 37  80 01 00 00 00 14 00 00 00 11 A4 00 00 73 05 0000 1000 0B03 0105 4803 0800 0000 FA4A 00 00 00 00
7AFF   20  80  1E  00 0F 00 00 00 37  80 01 00 00 00 14 00 00 00 11 A4 00 00 73 05 0000 1000 0B03 0105 4803 0800 0000 FA4A 00 00 00 00
7AFF   20  80  1E  00  22000000   24  80  0100  0000 1400 0000   11A4 0000  7305 0000  1000  0B03  0105  4803  0800  0000  FA4A
65402,032,128,030,000,0000000034,036,128,00001,00000,0000000020,0000042001,0000001395,00016,00779,01281,00840,00008,00000,19194,
== 38. ====================NUM++======
7BFF   20  00  0C  00  23000000   3500  0208  0E00  0200  0000  005A  ED9D
65403,032,000,012,000,0000000035,00053,02050,00014,00002,00000,23040,40429,
7AFF   20  80  06  00  23000000   3B  80  0208  0000 FDF7
65402,032,128,006,000,0000000035,059,128,02050,00000,0000063485,0000000000,0000000000,
== 39. =====================NUM++======
== 40. ========================================================
7BFF   20  00  0C  00  24000000   3400  0208  0E00  0200  0000  005A  ED9D
65403,032,000,012,000,0000000036,00052,02050,00014,00002,00000,23040,40429,
7AFF   20  80  06  00  24000000   3A  80  0208  0000  FDF7
65402,032,128,006,000,0000000036,058,128,02050,00000,0000063485,
== 41. =====================NUM++======
7BFF   20  00  0C  00  25000000   3300  0208  0E00  0200  0000  005A  ED9D
65403,032,000,012,000,0000000037,00051,02050,00014,00002,00000,23040,40429,
7AFF 20800600 25000000 3980 0208 0000 FDF7
65402,032,128,006,000,0000000037,057,128,02050,00000,0000063485,
== 42. =====================NUM++======
7BFF 20000600 26000000 3800 0108 0C00 F2F7
65403,032,000,006,000,0000000038,00056,02049,00012,63474,
7AFF 20800C00 26000000 3280 0108 0000 02000000 005A FC9D
65402,032,128,012,000,0000000038,050,128,02049,00000,0000000002,2650561024,0000000000,
== 43. =====================NUM++======
7BFF   20  00  06  00  27000000   3700  0008  0C00  F3F7
65403,032,000,006,000,0000000039,00055,02048,00012,63475,
7AFF   2080  1600   27000000  2780  0008  0000  0C000000   0E000000   6C000000   1300  0000  66F7
65402,032,128,022,000,0000000039,039,128,02048,00000,0000000012,0000000014,0000000108,00019,00000,63334,00000,00000,00000,00000,
